#.\compute_efficient.py -t youtube -aa 0.95 -a 100 -bs traditional
# GMT Mon Apr 20 06:54:59 2026
# 
37954
499643
92671
168102
187739
84175
108513
494917
678
74747
62661
242886
4814
30553
228431
74101
104467
84829
74246
163647
291844
50614
6190
75054
255829
513126
34186
234634
526755
608729
113072
47477
326938
47708
180758
303791
617063
27660
110882
176570
231063
9842
49085
497910
160738
129588
94090
217314
501500
95769
248258
341526
68280
277317
407790
130609
184951
71476
463338
151511
191918
105923
281464
8390
26415
226098
459911
98785
489980
47712
203625
127267
104095
587185
555116
370700
92153
240175
117213
4083
113289
527237
483240
344566
30415
236478
3366
66502
296133
543206
311278
49137
171217
113684
68149
21295
99731
248070
88659
95027
