#compute_efficient.py -c D:\subopt\result\archive-106\launcher-jobs\job_04_youtube.json
# GMT Wed May  6 07:42:17 2026
# 
170346
105548
38460
623752
198456
389221 27415
63995
408055
219269
260140
63199
91109
219354
285051
617063
2766
335457
594599
235680
304385
36676
292948
391903
555116
377489
113133
113233
70234
93638
291844
534061
243726 1024
145988
98364
339567
261853 22938
465524
130079
504763
109318
508986
554267
112942
84840
74024
6775
26415
52902
296133
287571
170065
23513
346033
407258
4814
6190
394523
109182
74262
611676
227160
279143 2709
77664
463338
116675
393036
397984 2709
447373
2480
73663
229155
120739
2547
479571
42860
60068
97449
232683
84854
463772
370725
298789
262763
506594
104467 572
497910
191918
3366 167924 192229
104348
157685
595226
226098
151489
228004
505581
184963
341526
228631
485878
180974
92178
389944 27709
96289
621468
9052
483184
276973
30415
407518
281572
217909
87668
21900
436425
217314
257161
620177
280847
66065
483186
407790
442894
104472
135210
191091
448789
249023
430465
113684
227549
167595
177007
237408
25125
97042 2709
5092
197501
254332
74246
277317
240230
63354
436521
360324
215150
301932
107332
18864
126125
215224
4781
39133 1024
419061
59973
176008
127267
112535
117459
104689
271881
349522
145127
542714
253091
145495
92153
183723
351050
281477
76021
37954
616279
134972
74208
472676
118894
125709
37589
528345
587185
22143
92377
126286
336895
93984
442916
246725
251166
438587
44816
303671
171066
155504
344566
64077
118126
2206
4788
226637
204855
659669
473618
381815
271331 529732
34186
274332 2709
157280
167924
2509
73743
187198
53108
6158
125677
338768
171330
126425
69755
407427
107603
351013
154661
521417
178410
167661
377701
599533
434588
127703
28944 284135
235978
207715
329067
570588
307105
191234
87194
390844
285945
289025
181733
95161
1556
106870 3192
93625
606608
7886
561590
410438
58899
359521
469743
616069
157993
355741
4151
159111
194082
626799
125702
501500
148121
437630
192229
20963
61838
8811
307226
74101
105263
310389
71476
92278
50614
276857
577802
179326
106221
108465
1280
345720
401551
113072
378548
338299
659870
354567
300698
2017
215109
68280
210406
284135
160738 2709
316805
20221 1024
113187
616048
74364
124824
790
162139
88935
47712
49085
165774
155369
284423
170675
460257
75947
39890
68260
98785
116928
417013
266749
85904
5232
1172
1024 78452 262810 52172 343497 286051
206911
102376
247205
102770
423981
286051
222066
4083
303378
378692
433011
355720
47708
88002
94208
114184
227365
474807
459911
115939
30268
163364
326938
36550
94705
170084
2053
385137
235580
628373
201198
566343
125217
470461
459944
341557
118662
20317
100215
138244
215526
74240
100177
665
304342
105110
29763
483240
5906
146716
128035
63336
230994
30105
94763
3446
62661
336319
99625
4603
215455
74747
226616
512452
181686 6752
451920
70410
212355
572
63251
442787
28158
63317
93033
343497
193674
33826
516985
101349
881
517338
74136
125883
6752 10571
430717
75846
30635
489373
166181
249876
100931
69821
167599
235238
75054
262743
241597
224822
47739
74342
545914
183492
133450
113057
215271
19242
271601
262726
169422
226285
125568
2709 25575 175661 266608 437131 88659 138519 175596 397172
63582
2841
608729
74150
268739
311278
97168
180758
3192 20532
16550
133604
118757
19630
212443
74099
47477
92671
132981
47627
15896
45210
280675
115640
366444
187739
23188
296728
195309
43681 157
88128
512370
707
135348
244994
348509
299490
68156
151234
167383
481971
52172
393001
84829
33480
175661
104429
106503
615065
336817
117213
143784
421468
323007
115958
114260
10067
397154
106986
94795
232866
210696
126076
11242
354312
15347
290907
157 1835
126037
86681
270347
508625
303791
513126
343310
30553
27709
81030
47795
241463
256130
115934
435591
482339
385902
47482
139403
79892
567518
70004
189686
56540
442861
143334
262810
163647
439233
223588
184951
248234
176398
142172
182142
190173
318675
588614
94960
145989
320570
290872
86799
22814
45553
138519
127235
71137
31082
53442
130247
222069
226327
222814
211375
408558
74301
395872
261742
64009
646859
47676
11963
255829
34275
50635
9842
6829
286920
574072
240175
437852
222410
252800
203625
153278
97209
369602
220689
424539
22080
67079
313043
622651
386889
72473
30107
262701
489980
323826
193449
225021
28110
201170
10571
35379
217220
659859
10425
389012
370700
437131
116611
143879
68149
24284
88659
427180
78452
205875
44221
483216
678
249027
261408
520801
101057
322823
312825
298533
79966
74302
248070
494917
558309
97374
75183
327696
92192
249606
99019
144054
164601
234634
366856
447647
148201
4686
454891
549752
8783
451766
25575
215973
393690
171217
92187
227851
176050
463476
9743
406027
137596
155366
26356
93370
217592
68277
71643
154552
111434
182823
14717
110789
68824
130609
165396
178409
91342
66502
170662
208510
125696
113289
199500
167730
170046
66859
248159
2414
151511
111679
47565
37953
604403
3398
99731
271802
618
30289
220720
580973
96795
231063
527237
2700
155468
94374
29805
154646
295608
106591
249762
152912
77203
325500
66660
13792
95027
227373
269607
57171
175840
499643
21990
482508
104273
38480
70134
272607
108661
417637
184879
50972
130305
117067
55437
324947
38463
113036
77298
100148
164636
194307
171634
117224
382229
184600
55340
8735
208492
189007
100678
559561
350263
254355
105923
221716
506465
29239
27206
198890
190322
35566
30344
110877
75563
127697
112790
175596
47775
543206
166994
29235
607764
526755
401130
215038
352083
494829
20606
271239
45303
44317
557635
583565
448684
22821
78801
97169
441438
374862
30711
191808
254835
22938
108823
167803
127312
527337
1835
65181
201708
415281
21295
111867
27415
453069
249013
445315
86834
28624
212563
113544
112898
109674
472034
133956
252180
37948
94090
626593
134132
94692
341880
309516
74110
246552
110455
187998
74380
202739
245331
71196
230581
445310
216291
113216
171074
236478
267734
329073
266608
37093
27660
385122
202673
107235
177639
226641
56157
38499
405847
109313
17883
183751
176570
63446
20532
18789
168927
182365
529732
545807
211119
101850
281464
78683 389720
270326
33588
95714
86592
125669
215458
521322
308441
39651
389720
54795
104473
167858
95330
91328
23098
168102
552349
190202
6880
44895
428124
204233
23591
215317
82372
10801
88645
140292
613612
67839
397172
274317
410389
304351
48104
443998
488622
104095
23657
9669
203649
129588
505135
151509
305167
146886
296241
108513
268345
4596
145980
145167
397155
186648 7093
73371
84175
206936
537227
53139
296245
96804
84733
13662
104707
287365
127833
223037
181730
193209
149287
242886
227167
304395
144927
97435
72402
2384
16189
184629
154630
501969
177793
15814
22593
113186
364359
257048
96699
49991
105220
95118
409990
90627
379108
2198
95769
248258
195662
8801
432272
49025
149322
348071
157792
582929
228431
74046
4646
110882
75645
113014
6723
293684
232604
62128
252403
66177
170319
105081
60257
411639
49137
337240
7093
113482
108569
620364
284124
478123
8390
133602
12837
127074
296935
7147
227345
22350
447689
164505
126082
193414
